10772
10851
10856
10860
10868
10875
10887
10891
10895
10959
10974
10979
10981
10987
10994
10997
11011
11013
11016
11017
11042
11110
11114
11115
2542
2543
2545
3345
3535
3742
3805
3806
3902
3983
4058
4087
4144
4168
4181
4210
4249
4293
4298
4302
4335
4346
4410
4563
4573
4619
4648
4649
4679
4681
4682
4683
4774
4777
4866
4913
4991
4996
4999
5153
5243
5249
5333
5380
5424
5442
5619
5629
5632
5654
5657
5663
5669
5676
5682
5684
5692
5694
5707
5721
5731
5735
5747
5752
5753
5802
5930
6330
6384
6390
6499
6566
6569
6617
6654
6791
7193
7479
7482
7494
7495
7496
7498
7501
7502
7504
7506
7507
7808
7811
7812
7813
7834
7893
7929
8667
8669
8673
8674
8675
9016
9299
9305
9307
9339
9353
9356
9363
9369
9373
9379
9381
9382
7266
8104
8386
7676
8384
7324
6966
8500
6413
7341
7667
7669
7704
8116
7044
7053
6830
8343
7325
7816
7835
7836
8435
8465
6618
8142
6640
7515
8468
5285
6992
6642
8397
6863
7860
7546
7350
7707
7646
7287
8418
6585
7650
7837
8381
6999
5386
8141
8519
7859
7531
5341
7604
8373
8387
8473
7606
7621
7693
8497
8111
7838
6221
6911
8137
7702